ID, NUMBER, BIN, HEX
1, 7116776.0, 11011001001011111101000, 6C97E8
2, 1666340.0, 110010110110100100100, 196D24
3, 8886983.0, 100001111001101011000111, 879AC7
4, 839365.0, 11001100111011000101, CCEC5
5, 924280.0, 11100001101001111000, E1A78
6, 1026310.0, 11111010100100000110, FA906
7, 1615293.0, 110001010010110111101, 18A5BD
8, 1063875.0, 100000011101111000011, 103BC3
9, 679035.0, 10100101110001111011, A5C7B
10, 5201970.0, 10011110110000000110010, 4F6032
11, 593979.0, 10010001000000111011, 9103B
12, 801371.0, 11000011101001011011, C3A5B
13, 3796878.0, 1110011110111110001110, 39EF8E
14, 7489201.0, 11100100100011010110001, 7246B1
15, 9740020.0, 100101001001111011110100, 949EF4
16, 9128737.0, 100010110100101100100001, 8B4B21
17, 5473463.0, 10100111000010010110111, 5384B7
18, 8701957.0, 100001001100100000000101, 84C805
19, 8238050.0, 11111011011001111100010, 7DB3E2
20, 8679038.0, 100001000110111001111110, 846E7E
21, 385912.0, 1011110001101111000, 5E378
22, 5867340.0, 10110011000011101001100, 59874C
23, 4894542.0, 10010101010111101001110, 4AAF4E
24, 8999451.0, 100010010101001000011011, 89521B
25, 4392535.0, 10000110000011001010111, 430657
26, 2078131.0, 111111011010110110011, 1FB5B3
27, 3070124.0, 1011101101100010101100, 2ED8AC
28, 7451998.0, 11100011011010101011110, 71B55E
29, 5635510.0, 10101011111110110110110, 55FDB6
30, 1233932.0, 100101101010000001100, 12D40C
31, 6089867.0, 10111001110110010001011, 5CEC8B
32, 1792316.0, 110110101100100111100, 1B593C
33, 6298637.0, 11000000001110000001101, 601C0D
34, 2408038.0, 1001001011111001100110, 24BE66
35, 8510100.0, 100000011101101010010100, 81DA94
36, 991581.0, 11110010000101011101, F215D
37, 6455739.0, 11000101000000110111011, 6281BB
38, 7829175.0, 11101110111011010110111, 7776B7
39, 6328931.0, 11000001001001001100011, 609263
40, 9982305.0, 100110000101000101100001, 985161
41, 2292022.0, 1000101111100100110110, 22F936
42, 1070496.0, 100000101010110100000, 1055A0
43, 8518360.0, 100000011111101011011000, 81FAD8
44, 6378470.0, 11000010101001111100110, 6153E6
45, 7756258.0, 11101100101100111100010, 7659E2
46, 7111767.0, 11011001000010001010111, 6C8457
47, 2685897.0, 1010001111101111001001, 28FBC9
48, 617946.0, 10010110110111011010, 96DDA
49, 246280.0, 111100001000001000, 3C208
50, 6075442.0, 10111001011010000110010, 5CB432
51, 991323.0, 11110010000001011011, F205B
52, 6754202.0, 11001110000111110011010, 670F9A
53, 3103178.0, 1011110101100111001010, 2F59CA
54, 3228842.0, 1100010100010010101010, 3144AA
55, 6786623.0, 11001111000111000111111, 678E3F
56, 5329085.0, 10100010101000010111101, 5150BD
57, 2334647.0, 1000111001111110110111, 239FB7
58, 7253396.0, 11011101010110110010100, 6EAD94
59, 6516953.0, 11000110111000011011001, 6370D9
60, 5972725.0, 10110110010001011110101, 5B22F5
61, 5828037.0, 10110001110110111000101, 58EDC5
62, 6642265.0, 11001010101101001011001, 655A59
63, 2559699.0, 1001110000111011010011, 270ED3
64, 6597631.0, 11001001010101111111111, 64ABFF
65, 5826202.0, 10110001110011010011010, 58E69A
66, 4642335.0, 10001101101011000011111, 46D61F
67, 1862900.0, 111000110110011110100, 1C6CF4
68, 6039635.0, 10111000010100001010011, 5C2853
69, 3358744.0, 1100110100000000011000, 334018
70, 4965249.0, 10010111100001110000001, 4BC381
71, 6621475.0, 11001010000100100100011, 650923
72, 3336153.0, 1100101110011111011001, 32E7D9
73, 1044743.0, 11111111000100000111, FF107
74, 6201477.0, 10111101010000010000101, 5EA085
75, 6297100.0, 11000000001011000001100, 60160C
76, 885678.0, 11011000001110101110, D83AE
77, 8546891.0, 100000100110101001001011, 826A4B
78, 6683923.0, 11001011111110100010011, 65FD13
79, 7064472.0, 11010111100101110011000, 6BCB98
80, 3430021.0, 1101000101011010000101, 345685
81, 9764122.0, 100101001111110100011010, 94FD1A
82, 9958605.0, 100101111111010011001101, 97F4CD
83, 1006022.0, 11110101100111000110, F59C6
84, 5276496.0, 10100001000001101010000, 508350
85, 8876232.0, 100001110111000011001000, 8770C8
86, 3364648.0, 1100110101011100101000, 335728
87, 3539979.0, 1101100000010000001011, 36040B
88, 3003857.0, 1011011101010111010001, 2DD5D1
89, 4481634.0, 10001000110001001100010, 446262
90, 9035781.0, 100010011110000000000101, 89E005
91, 3767021.0, 1110010111101011101101, 397AED
92, 4993901.0, 10011000011001101101101, 4C336D
93, 8698377.0, 100001001011101000001001, 84BA09
94, 4626501.0, 10001101001100001000101, 469845
95, 1755352.0, 110101100100011011000, 1AC8D8
96, 2755340.0, 1010100000101100001100, 2A0B0C
97, 5150616.0, 10011101001011110011000, 4E9798
98, 9345169.0, 100011101001100010010001, 8E9891
99, 848948.0, 11001111010000110100, CF434
100, 2708748.0, 1010010101010100001100, 29550C
101, 8372451.0, 11111111100000011100011, 7FC0E3
102, 3523015.0, 1101011100000111000111, 35C1C7
103, 2624283.0, 1010000000101100011011, 280B1B
104, 8795348.0, 100001100011010011010100, 8634D4
105, 2318100.0, 1000110101111100010100, 235F14
106, 4750861.0, 10010000111111000001101, 487E0D
107, 3770597.0, 1110011000100011100101, 3988E5
108, 1053352.0, 100000001001010101000, 1012A8
109, 833307.0, 11001011011100011011, CB71B
110, 4632526.0, 10001101010111111001110, 46AFCE
111, 2212917.0, 1000011100010000110101, 21C435
112, 5053189.0, 10011010001101100000101, 4D1B05
113, 412218.0, 1100100101000111010, 64A3A
114, 4901564.0, 10010101100101010111100, 4ACABC
115, 5094606.0, 10011011011110011001110, 4DBCCE
116, 8070285.0, 11110110010010010001101, 7B248D
117, 6847905.0, 11010000111110110100001, 687DA1
118, 4311824.0, 10000011100101100010000, 41CB10
119, 3009421.0, 1011011110101110001101, 2DEB8D
120, 1629105.0, 110001101101110110001, 18DBB1
121, 8431899.0, 100000001010100100011011, 80A91B
122, 7582456.0, 11100111011001011111000, 73B2F8
123, 7332147.0, 11011111110000100110011, 6FE133
124, 314183.0, 1001100101101000111, 4CB47
125, 7632568.0, 11101000111011010111000, 7476B8
126, 8161327.0, 11111001000100000101111, 7C882F
127, 6961087.0, 11010100011011110111111, 6A37BF
128, 6898282.0, 11010010100001001101010, 69426A
129, 9749303.0, 100101001100001100110111, 94C337
130, 4427419.0, 10000111000111010011011, 438E9B
131, 4368829.0, 10000101010100110111101, 42A9BD
132, 6439318.0, 11000100100000110010110, 624196
133, 6473603.0, 11000101100011110000011, 62C783
134, 6446249.0, 11000100101110010101001, 625CA9
135, 9818836.0, 100101011101001011010100, 95D2D4
136, 9438069.0, 100100000000001101110101, 900375
137, 2809499.0, 1010101101111010011011, 2ADE9B
138, 3460304.0, 1101001100110011010000, 34CCD0
139, 8430904.0, 100000001010010100111000, 80A538
140, 9774785.0, 100101010010011011000001, 9526C1
141, 9560603.0, 100100011110001000011011, 91E21B
142, 3440732.0, 1101001000000001011100, 34805C
143, 7053263.0, 11010111001111111001111, 6B9FCF
144, 287398.0, 1000110001010100110, 462A6
145, 4043644.0, 1111011011001101111100, 3DB37C
146, 2943820.0, 1011001110101101001100, 2CEB4C
147, 9030962.0, 100010011100110100110010, 89CD32
148, 7537540.0, 11100110000001110000100, 730384
149, 7203657.0, 11011011110101101001001, 6DEB49
150, 5639400.0, 10101100000110011101000, 560CE8
151, 9448142.0, 100100000010101011001110, 902ACE
152, 9954392.0, 100101111110010001011000, 97E458
153, 2856859.0, 1010111001011110011011, 2B979B
154, 1332118.0, 101000101001110010110, 145396
155, 6984725.0, 11010101001010000010101, 6A9415
156, 1925762.0, 111010110001010000010, 1D6282
157, 2138171.0, 1000001010000000111011, 20A03B
158, 347447.0, 1010100110100110111, 54D37
159, 8839390.0, 100001101110000011011110, 86E0DE
160, 3951652.0, 1111000100110000100100, 3C4C24
161, 3755102.0, 1110010100110001011110, 394C5E
162, 6867687.0, 11010001100101011100111, 68CAE7
163, 4383175.0, 10000101110000111000111, 42E1C7
164, 7125508.0, 11011001011101000000100, 6CBA04
165, 7799732.0, 11101110000001110110100, 7703B4
166, 8784156.0, 100001100000100100011100, 86091C
167, 1372809.0, 101001111001010001001, 14F289
168, 1327984.0, 101000100001101110000, 144370
169, 9205087.0, 100011000111010101011111, 8C755F
170, 6524241.0, 11000111000110101010001, 638D51
171, 9316072.0, 100011100010011011101000, 8E26E8
172, 127744.0, 11111001100000000, 1F300
173, 8388820.0, 100000000000000011010100, 8000D4
174, 6883557.0, 11010010000100011100101, 6908E5
175, 2291239.0, 1000101111011000100111, 22F627
176, 3101270.0, 1011110101001001010110, 2F5256
177, 1382825.0, 101010001100110101001, 1519A9
178, 9873376.0, 100101101010011111100000, 96A7E0
179, 6873500.0, 11010001110000110011100, 68E19C
180, 8185634.0, 11111001110011100100010, 7CE722
181, 2464786.0, 1001011001110000010010, 259C12
182, 8387154.0, 11111111111101001010010, 7FFA52
183, 5581444.0, 10101010010101010000100, 552A84
184, 8097911.0, 11110111001000001110111, 7B9077
185, 8882527.0, 100001111000100101011111, 87895F
186, 8941444.0, 100010000110111110000100, 886F84
187, 4942703.0, 10010110110101101101111, 4B6B6F
188, 101144.0, 11000101100011000, 18B18
189, 7471180.0, 11100100000000001001100, 72004C
190, 1932131.0, 111010111101101100011, 1D7B63
191, 8052752.0, 11110101110000000010000, 7AE010
192, 6359493.0, 11000010000100111000101, 6109C5
193, 1967646.0, 111100000011000011110, 1E061E
194, 6575052.0, 11001000101001111001100, 6453CC
195, 2323342.0, 1000110111001110001110, 23738E
196, 6735760.0, 11001101100011110010000, 66C790
197, 8895858.0, 100001111011110101110010, 87BD72
198, 4238091.0, 10000001010101100001011, 40AB0B
199, 7093069.0, 11011000011101101001101, 6C3B4D
200, 39.0, 100111, 27
TIME ELAPSED: 0.001506805419921875 seconds
